							2^12	2^13	2^14	2^15	2^16	2^17	2^18	2^19	2^20	2^21	2^22	2^23	2^24	2^25	2^26	
1. std::sort				0.000	0.000	0.001	0.002	0.004	0.008	0.021	0.038	0.080	0.178	0.353	0.756	1.522	3.212	6.732	
2. cquicksort				0.001	0.001	0.001	0.002	0.005	0.011	0.024	0.050	0.107	0.222	0.461	0.977	2.054	4.186	8.794	
3. parallel quicksort		0.000	0.001	0.002	0.003	0.004	0.009	0.019	0.036	0.064	0.131	0.323	0.341	0.551	0.790	1.351	
4. combined merge sort		0.001	0.001	0.002	0.004	0.009	0.018	0.038	0.081	0.163	0.347	0.704	1.477	3.082	6.416	13.381	
5. parallel merge sort		0.001	0.002	0.002	0.003	0.005	0.015	0.022	0.047	0.091	0.282	0.414	0.391	0.617	1.255	1.300	

							2^12	2^13	2^14	2^15	2^16	2^17	2^18	2^19	2^20	2^21	2^22	2^23	2^24	2^25	2^26	
1. std::sort				0.000	0.000	0.001	0.002	0.004	0.008	0.018	0.038	0.078	0.162	0.351	0.740	1.544	3.247	6.800	
2. cquicksort				0.001	0.002	0.001	0.003	0.006	0.012	0.025	0.051	0.107	0.223	0.479	0.987	2.018	4.222	8.780	
3. parallel quicksort		0.000	0.001	0.002	0.003	0.005	0.008	0.015	0.030	0.061	0.154	0.309	0.571	0.452	0.718	2.281	
4. combined merge sort		0.001	0.001	0.002	0.004	0.009	0.017	0.036	0.075	0.161	0.330	0.693	1.464	3.061	6.479	14.335	
5. parallel merge sort		0.000	0.001	0.001	0.003	0.006	0.010	0.022	0.047	0.122	0.218	0.415	0.497	0.514	0.688	1.261	

							2^12	2^13	2^14	2^15	2^16	2^17	2^18	2^19	2^20	2^21	2^22	2^23	2^24	2^25	2^26	
1. std::sort				0.000	0.001	0.001	0.002	0.003	0.009	0.019	0.039	0.081	0.169	0.376	0.754	1.639	3.658	7.175	
2. cquicksort				0.000	0.001	0.001	0.003	0.006	0.012	0.025	0.051	0.110	0.227	0.509	1.012	2.221	4.305	9.464	
3. parallel quicksort		0.001	0.001	0.001	0.003	0.004	0.008	0.016	0.031	0.063	0.127	0.216	0.383	0.925	0.889	1.004	
4. combined merge sort		0.000	0.001	0.002	0.004	0.008	0.018	0.036	0.076	0.163	0.346	0.733	1.537	4.860	6.728	14.480	
5. parallel merge sort		0.000	0.001	0.002	0.001	0.005	0.013	0.023	0.051	0.090	0.188	0.410	0.436	1.181	0.934	1.388	

							2^12	2^13	2^14	2^15	2^16	2^17	2^18	2^19	2^20	2^21	2^22	2^23	2^24	2^25	2^26	
1. std::sort				0.000	0.001	0.000	0.001	0.005	0.010	0.016	0.039	0.083	0.173	0.361	0.752	1.634	3.284	7.594	
2. cquicksort				0.000	0.000	0.001	0.002	0.006	0.012	0.023	0.050	0.109	0.225	0.483	1.015	2.107	4.178	9.023	
3. parallel quicksort		0.000	0.002	0.001	0.002	0.006	0.009	0.015	0.037	0.079	0.192	0.340	0.499	0.801	0.812	1.200	
4. combined merge sort		0.000	0.001	0.001	0.004	0.008	0.017	0.042	0.077	0.166	0.343	0.717	1.534	3.261	6.929	14.312	
5. parallel merge sort		0.001	0.001	0.001	0.003	0.006	0.010	0.030	0.059	0.117	0.260	0.857	0.474	0.540	0.936	1.440	

