+---------------------+-----------+-----------+-----------+-----------+----------+----------+-----------+----------+----------+
| size \ thread_count | tape 1    | fox 1     | cannon 1  | tape 2    | fox 2    | cannon 2 | tape 4    | fox 4    | cannon 4 |
+---------------------+-----------+-----------+-----------+-----------+----------+----------+-----------+----------+----------+
| 8x8                 | 0.000000  | 0.280000  | 0.040000  | 0.060000  | 0.000000 | 0.600000 | 0.060000  | 0.100000 | 0.060000 |
+---------------------+-----------+-----------+-----------+-----------+----------+----------+-----------+----------+----------+
| 24x24               | 0.000000  | 0.040000  | 0.000000  | 0.000000  | 0.120000 | 0.020000 | 0.060000  | 0.040000 | 0.060000 |
+---------------------+-----------+-----------+-----------+-----------+----------+----------+-----------+----------+----------+
| 80x80               | 0.040000  | 0.060000  | 0.040000  | 0.060000  | 0.080000 | 0.100000 | 0.040000  | 0.080000 | 0.040000 |
+---------------------+-----------+-----------+-----------+-----------+----------+----------+-----------+----------+----------+
| 160x160             | 4.140000  | 1.240000  | 0.880000  | 1.180000  | 0.240000 | 0.280000 | 0.400000  | 0.080000 | 0.080000 |
+---------------------+-----------+-----------+-----------+-----------+----------+----------+-----------+----------+----------+
| 240x240             | 7.260000  | 2.740000  | 2.900000  | 3.800000  | 1.600000 | 1.880000 | 2.180000  | 0.600000 | 0.580000 |
+---------------------+-----------+-----------+-----------+-----------+----------+----------+-----------+----------+----------+
| 320x320             | 18.740000 | 6.260000  | 6.600000  | 10.480000 | 3.280000 | 3.540000 | 5.700000  | 2.100000 | 2.280000 |
+---------------------+-----------+-----------+-----------+-----------+----------+----------+-----------+----------+----------+
| 400x400             | 35.040000 | 12.940000 | 14.320000 | 18.120000 | 7.000000 | 7.680000 | 10.700000 | 3.980000 | 4.220000 |
+---------------------+-----------+-----------+-----------+-----------+----------+----------+-----------+----------+----------+