+----+---------------+-------------+-----------------+-------------+
| id | comment       | cpu_time    | io_block_period | block_count |
| 0  | registered... | 311  0      | 400             | 0           |
| 0  | completed...  | 311  311    | 400             | 0           |
| 1  | registered... | 485  0      | 400             | 0           |
| 1  | io blocked... | 485  400    | 400             | 0           |
| 2  | registered... | 461  0      | 400             | 0           |
| 2  | io blocked... | 461  400    | 400             | 0           |
| 1  | registered... | 485  400    | 400             | 1           |
| 1  | completed...  | 485  485    | 400             | 1           |
| 2  | registered... | 461  400    | 400             | 1           |
| 2  | completed...  | 461  461    | 400             | 1           |
+----+---------------+-------------+-----------------+-------------+
