							2^12	2^13	2^14	2^15	2^16	2^17	2^18	2^19	2^20	2^21	2^22	2^23	2^24	2^25	2^26
1. shell sort				0.000	0.001	0.003	0.005	0.011	0.025	0.054	0.125	0.296	0.654	1.357	3.193	7.846	19.520	41.507
2. quicksort				0.000	0.000	0.002	0.003	0.006	0.012	0.024	0.051	0.122	0.225	0.474	0.969	2.054	4.465	9.466
3. cquicksort				0.000	0.000	0.001	0.003	0.006	0.011	0.025	0.051	0.108	0.220	0.461	0.959	2.039	4.255	9.288
4. merge sort				0.001	0.002	0.003	0.005	0.010	0.024	0.048	0.094	0.200	0.418	0.833	1.838	3.782	8.415	16.994
5. combined merge sort		0.001	0.001	0.002	0.003	0.008	0.018	0.035	0.070	0.149	0.309	0.649	1.585	2.854	6.428	13.250
6. bottom-up merge sort		0.001	0.001	0.003	0.005	0.012	0.025	0.052	0.107	0.237	0.473	0.999	2.322	4.301	9.054	18.916
7. std::sort				0.000	0.001	0.001	0.001	0.005	0.008	0.022	0.037	0.079	0.168	0.355	0.817	1.590	3.383	6.974
8. std::stable_sort			0.000	0.001	0.001	0.002	0.004	0.010	0.020	0.040	0.087	0.189	0.415	0.958	1.821	3.769	7.940

